229901852
157475781
87425174
162339701
23900114
154051794
1676192
206947545
601779574
5098619
31785944
18216993
442755324
204490738
20176333
694200998
320716516
671606675
694803586
123530472
566414491
4382466
3103318
606320222
88072802
89076538
693485369
692584259
381293624
350530992
695117549
674408425
144378320
12405493
617273334
694231080
434942908
252905426
37139488
44488282
711027170
476606503
48367784
12990054
566610505
219473734
190461266
163226342
198116063
632222392
217903428
72209048
267907930
586676885
93593814
402179882
736867969
708616910
209301579
410305505
12472209
447851037
359508501
26296835
41110630
375044008
524274116
202715377
120599349
613210718
489267245
549499450
552172283
734061057
565297821
62014843
245242252
508422599
508748126
636352500
513782910
30230242
213197845
4926666
708804075
164009760
202855496
11792890
137330004
199624048
248077763
549566090
138936210
278724053
468531257
510824007
16168424
457199199
27269543
374197667
356244980
711026928
1792720
27840449
504109
29585219
38899584
146488389
710205672
231439655
492693799
650136645
497656811
572972146
271762758
712677094
211389467
1485043
67580149
98112639
354980352
9499344
285589835
523227015
171559538
649770413
222269820
32453798
64897609
395697940
507084048
85203336
84154294
265351768
234695977
214775080
167707236
231460
363887574
293141799
515337725
172373132
143166200
229322119
349813819
26706918
708324832
204958585
91494130
270476842
443039550
24719396
139092818
753838
393753973
988467
399053643
708894170
176642476
393507625
260632754
652326274
19106854
252916961
588366298
418377661
4053152
396613054
3125579
220822195
814947
394419470
224816985
562601467
994068
245837834
469493250
406622704
70217188
278478332
567997462
20339427
14799510
278215606
718288840
710246372
3818528
526261260
710221760
338224047
140100087
262228111
542375122
379012207
350612797
118533410
21169675
618472499
127523339
466877227
144234681
240688455
184186233
415359511
357619216
293328370
468500574
526394933
438231465
410026584
270115922
16677275
12060019
235842546
535109519
98387247
340871978
1667940
78111990
153255807
288404388
290697449
231074174
2377645
29651264
366649913
574334695
321677778
478667166
7633941
218653509
167741623
709852133
348527517
146610351
276820319
591301667
9887011
379994323
39836259
615115036
335500711
75606007
264093713
154839245
563830
3513794
447880997
96370532
7829570
438192670
96262155
174140210
367350345
314833033
202857286
514513565
21811853
522512626
212293489
132401117
246517457
3388687
262491257
636334203
597882145
593211019
16699804
342261414
8242194
504699749
614342457
311760548
446268894
507247912
139845042
119152453
516835116
14709193
71388137
2615791
1296047
287301056
236359771
8788821
397560321
8677204
182350867
45073
3460639
380494689
177737146
1399678
540753868
600007965
70694860
30051154
554170340
445447488
255044186
52331410
26884310
202780243
201878049
50447568
22505982
469342422
284410555
49472784
9447
8134181
102578010
2183659
8537218
1119721
1390944
93104733
105023379
307233312
133639565
185039791
262602330
7502348
83123358
52883097
711137382
1796285
235682524
45411176
233330960
493909729
424425125
5390784
5857176
64266503
18127588
33850323
438823630
79632052
120588778
34666428
322583912
543018781
28625552
207823014
372549115
3372160
11889577
157437756
450257690
8676677
160493310
7641541
224895439
16473208
194140203
19309483
186491790
4425641
6628012
6053534
88000718
19133401
5276960
5786733
81964949
6207008
147041928
275644352
199943919
157910641
482103535
80032495
33360233
443773134
1474722
164093386
23791236
32405774
49672819
266790855
709380059
16474679
38507945
158461227
151135936
385205627
56414432
1779183
17156418
327274152
13190730
281453642
559911377
262103284
71721418
45202226
12709997
419253835
220349311
730624640
8480352
165914615
246986296
214574988
2889657
1433342
390766055
262251456
14852184
7466442
100897602
196679387
205772137
53511107
1927719
54396750
217080504
61754476
5057432
4204239
472294164
281400957
293226880
1785945
273252257
116699534
157557353
6458088
219982790
132328956
226416748
218541394
889740
171116067
139857147
228842272
17377690
22789549
398689563
8407445
180744103
94871197
534589987
189821371
25000732
5086790
31389616
7982
81897209
1634783
2481189
212213574
241374879
164048103
3119280
1922095
194900650
184316930
10343240
59791919
390449970
6239180
69994512
248931514
581475720
398188638
185818836
555568495
81133993
55136424
2046548
94978496
243556640
118862470
238674377
51546069
485705101
6222220
403635699
62896960
76947185
70622302
89344688
476161
305585407
45374530
231162567
294964372
393948718
8556514
331294401
499307704
22486789
471653110
12315974
230302965
3608973
1734481
222267609
2636188
75556
236554976
314196686
39670031
219183990
666140
318609359
1142221
66199796
121946509
8791694
214103148
15364250
186607425
312468951
102436396
20018766
222149838
31241189
12361420
682873215
48497134
255786087
261373355
127818420
373574234
191427882
31924470
1627506
5401645
5006200
21535163
16569242
5366287
199200356
313130351
33245191
10035314
13652931
178870268
454495853
453382669
14354823
307492791
133534341
22411515
135480023
16456855
200597
52888414
125023440
61650562
709241577
426387894
132602811
78964985
9612268
23181864
219551124
13458042
430937870
24861820
213820481
293146129
142935779
7614780
47463722
62760708
484050670
41699305
79022155
208614357
511047422
569700522
169902419
126430279
485016262
402920900
10236584
16387696
1042315
11595686
23746825
30542028
51387579
20020126
63652374
183800139
119178869
21235560
160143720
183286554
250625888
319288115
4147009
115534183
12518327
226641
497830844
19581362
217150334
39377403
6753888
155990526
21931789
6437474
176262742
292963385
334887250
83132571
456057865
895323
115809188
136651132
137966870
137869739
19439900
259671
14028856
17068082
16971887
15594498
7682257
10254627
34892163
44158683
1550674
315093107
17266001
174072266
66077817
1141116
12489927
10035472
76995855
5182022
8496328
102903659
505551350
151576949
5555794
99438893
229526433
4512823
139821727
7467799
152879459
188534180
5338455
9316993
42945038
10361573
32079140
1884084
415771
145508674
158857589
271839156
15365195
483040987
122556004
2331465
51314115
235740935
1446587
131422004
22851406
14404543
2863148
177708593
42468401
155408201
46601440
6485717
21326746
223092003
26955780
175985618
60731512
32848288
26489250
103763193
9639438
65038060
5592362
152871715
2708113
222913281
296861833
72048252
42862292
437699785
3995355
26022794
17943027
23598183
771473
860307
207268418
942327
34160043
255142378
35326792
186027523
53750253
20497070
21335922
103405812
339342643
4099555
54406526
6670285
210039904
27210744
15273487
354312472
63315089
2902120
792687
241329170
145920828
101164845
104916144
87903838
823919
172475601
14638136
4523220
2769677
515523475
7397156
176629105
8056701
15807162
9302009
66675231
125254232
2922104
29739202
336388
44847778
40864633
10759186
225693587
7438971
9458522
100865446
173725684
1852164
52578390
16559717
82307463
20386334
425168265
3650853
118543019
44899093
2355651
6267202
54203542
19470647
231521446
37862384
16157501
1883302
22463284
225100671
31712659
3181255
9074443
371156834
15735776
13291810
122880531
5670993
40218122
759160
52119178
164542053
16571674
20782714
10653558
11344503
346480881
633755
836158
33545305
74824762
128957892
36947105
1248085
4037491
5589382
21596934
15394583
45269508
23913078
579609
63335280
92158662
12632556
408176
145750208
1298564
16488608
964869
361393572
10879340
120662461
87630814
2734962
15628645
3142958
265795774
44200056
49286014
11901911
639281019
31078446
33624950
30413310
12928835
12245
27650722
1003690
32252222
20574237
15006777
1444590
43787823
241360907
294676028
3027884
2368096
99668440
31690263
713207
2670899
1577656
175782
347114
5513810
1568775
59084314
2160774
2989401
7329659
14820531
137049575
17753845
5773351
19752669
91919220
471715942
17543349
14951892
3374683
7696456
19638657
6093463
154419
40689491
175176275
143341850
30703468
397096342
20239594
11131972
19922167
171737165
350527663
1467639
53726793
15394777
58445324
16601572
154404146
282331874
269663197
10264277
692645987
129133395
612018438
631129794
136025882
15727635
355327885
513713101
31039022
306380319
235982077
19688044
269387020
124007867
52569475
33521074
62346835
279963441
24563227
471633558
642805219
101632571
102666602
252498522
514442700
25867949
593002130
12105741
416594153
6310642
352937245
465024265
320738903
195586227
362726508
61429231
210492851
492372218
94665400
12381550
153372479
7873837
51507596
12085717
13508017
36399642
557951397
11557711
278444327
13750330
36761605
137996092
114132081
68372587
15757953
306806537
18233289
325588358
240342934
366975923
572260725
482565903
197058065
427494468
290238550
50903298
26808570
233892138
46304028
472475059
369636802
79509595
60035322
441363
51945884
284727553
11176561
274227677
209884377
340630900
29791677
20507220
164716577
340518201
146112561
45911011
220457144
185135840
331839999
575135215
66947234
319002872
228622918
19199073
3790179
39134510
239739128
11825542
26615968
201724069
153971121
306333543
231280211
153673119
469462246
117714735
251963443
2728366
137398541
194589060
281663110
19790747
52637762
57884394
212736790
231932983
61092653
433385213
199907964
12510386
12167806
356047923
19380260
631617280
460480341
17764003
20795875
290615838
146832440
5937334
546810202
233629834
162808290
6455018
236031982
274077506
252744454
256242552
3849554
316054816
46026447
634234994
150212748
495153370
187866701
326372266
315001667
182889452
389940505
133366648
475640046
46579278
48391774
71513737
398061915
30239389
445593012
156271567
228968784
125156818
27168821
7637110
18582742
3777994
474361611
16858316
224593111
268740698
233477148
252549877
439956389
233475599
4930034
224862204
477963662
375090874
207534215
12300875
180961261
93816906
186725067
299937175
282914822
3619609
312348996
36367524
44117497
209638088
307696682
85627058
186426128
283640195
166505367
138394783
92366115
130464537
375181084
343546208
69516800
284180222
41374063
231863952
95737203
84319917
94744242
212663758
449989723
150971680
85691814
234218987
270275689
47357660
97346870
14199534
292243967
214088635
20890480
133547554
30075261
182585344
300243116
328773218
135177713
220644300
218714712
71701104
152885630
291283416
6880663
271443016
15796566
16601911
317456014
6351285
220343092
280593966
188037073
144314609
6386282
539240754
248246768
345959085
13605215
31233171
120475506
31042527
138442888
334706932
52566486
97652731
65283197
51828077
46133308
241101647
443360117
345559797
216469701
239248275
224256958
360197753
387229990
23101379
11227503
13380231
94175493
173326644
37353353
56372797
125226576
192464033
83374103
353346869
28185465
184205941
18217081
480076374
20510850
172003620
131830244
143401293
26712151
303581130
301186154
385187690
408713123
169656191
92734408
114506157
37024730
21463718
196570374
62342038
506591381
448415324
276541447
136288953
26312589
137739174
177794500
145049596
61816860
15796285
31479393
222255032
35319211
168522777
123377462
24638868
181101017
126657171
151949186
813322
162697011
39143350
206253078
9244471
27922067
343568303
63413740
97661104
180079323
11929763
1383562
169146644
123661893
9459528
12165717
16335974
91283955
16283179
15414276
171192163
23034359
17554244
65518077
348942745
166340753
140228573
216319626
172774942
787505
848212
305227538
76478455
23823075
194156926
27457885
27963941
164371886
213119732
156563792
154762300
88222980
166534871
3498119
164614632
91521741
341291964
193294870
568342257
296738089
46729053
252549498
11675041
312630880
285621844
5293838
10119520
7541800
12032578
13827490
27492664
8978468
148933579
480704687
6263627
70556966
113287373
44938675
15312099
108983909
24335177
23483232
21173174
253476336
499426065
13751127
177721918
297109013
123083914
23402449
368117959
133856077
132171763
49208812
252366848
215955422
159254404
281480007
157052482
59250386
346892004
168667081
270548476
11654882
730477
337050878
8810843
93660090
18485182
312144092
421344376
276393007
20720185
332525014
23165518
234065650
190349039
162657127
179651377
363876720
187214495
145752693
153532740
221597182
45937407
178814967
8186036
452498300
16959656
206332055
226763906
25841695
347222707
33742025
217126735
319056146
201963860
269649720
247656886
379657198
15220029
134241357
165998
212179998
136548954
72869712
130405198
244989626
75158211
348746319
348450718
165287458
19817483
339186950
265808590
385739884
321778066
20127924
100872801
8528840
138936455
165341866
21338346
281481989
95238086
121918
80396104
13570115
291222106
47898354
243412429
23711121
13335006
244731191
58519146
205494482
61720324
151786094
237959090
279194760
287762490
96295849
26189826
12144504
181689989
85431598
175744577
267848170
23253059
29355166
4499361
16165313
114303710
45399698
147857972
134722241
139827089
25300244
1018452
117140860
83752659
232155887
10601121
7682788
333950355
46866916
21663501
20688856
54890547
233505807
96273184
178028250
22781
273921373
295371952
210738341
200393816
186220997
124698364
189669236
34731719
145600436
9336706
42949451
8132186
86207961
157248617
192669566
8236003
89447979
41706009
54420880
40131234
53577850
54709065
12536002
150421524
109460151
6143105
42805655
135202756
22333194
38718703
72115383
127398456
37788794
44823536
52118506
55538570
69773033
13947661
43555393
9715663
46845550
133776341
26234290
140283732
161466560
15509980
82182128
213833950
33775847
11504446
14926934
143176924
50029801
9106994
29599643
102187749
100768092
2265902
52543942
25795519
94342201
15912361
92873880
123450772
200287536
31513789
295989339
137579331
177075138
5495416
134005845
61261162
67379131
181642094
17297726
102975176
46081470
7606383
271324205
97018651
1237783
21215618
30030268
41621338
240317943
23736801
102002527
12939998
54382995
161450
18026534
138703042
13477472
101279929
5158905
3487303
53610154
48116353
12375922
25838574
263848949
5455870
7583325
130817631
7427913
2973681
12738493
22745766
17149731
54977398
1234462
6276335
102939163
74736991
174673039
24913483
9094271
176838938
55540770
94766208
35462912
178776464
20858055
36761495
84173155
134839597
20680190
63324836
123011321
68473537
55634598
1636513
19945946
10784068
7347328
16708832
21846362
19659126
3820004
226096479
267825574
15697309
53143901
33097353
4654328
6648541
8518113
9224236
6179212
61588819
106057270
67161509
3166062
2648806
7474721
3812409
58837809
6416689
55567556
6710181
28458360
163026138
176109153
116318452
164505674
129538889
133843957
94901531
539650230
190096688
628396937
621038393
537690436
343097508
169807197
369201417
126630190
576081519
72715757
49291987
180631632
211552744
410936500
7407692
243964373
652950035
22044556
502449563
24597396
439028478
600435035
225590994
152095985
9367889
445450417
505073288
114762532
16057843
458509104
544396082
936933
137234653
12556361
16551964
454704955
308018039
462551588
2107617
20902788
757874
351363562
399513319
21866569
480645008
335288636
535929409
386441510
405115990
1576926
138010176
437969926
175883665
56627740
269889654
211083098
505141363
245642343
114479724
41926525
54696763
303111274
274499319
41671325
80687401
10220608
356033530
613189914
103042669
309860865
152813780
120105520
189113446
15061589
17583
245080148
197673935
138609024
123477071
136082179
292504690
71016766
72706362
20324465
132393759
227858665
176173546
118196967
141910942
244620136
121193885
61577111
147735802
104309996
166327625
84588949
39104445
171981219
62085559
25477828
206748565
152308726
10965463
207626163
523845566
17807803
86812614
156298429
45981918
67032808
211457240
82799721
469981532
310981415
204810370
113183295
268499044
254538756
36637227
427391098
210992379
110832177
153220883
59168593
66930948
75843759
23358630
11052009
62800955
177302164
137675716
140084232
217791525
58706836
280817839
5061701
152111120
155620634
17923574
105846831
183737902
148982027
40036467
168162025
28793865
152202162
113581613
135167429
95320861
160047472
486532505
8891545
339616825
466445027
199045394
223453534
20899832
49751567
137675495
137256686
100632431
79056561
47520382
136323806
354910619
180248872
67799349
58653374
192333476
169902880
172863333
226988846
133143041
340900241
298859658
119949102
116576653
212070315
219741574
62781830
50213607
26409433
348201957
110923578
349935282
137244857
338790127
183267345
32527708
102025912
338775914
133356742
151222180
212414300
407918550
90475935
152092860
115898611
144907309
122494870
153180969
15537464
2241615
38494439
211771878
166596509
83673649
392600597
54291211
27518649
58226080
2672769
152146182
104411870
33083315
62695052
46209278
348334910
140259272
20830354
6067814
537898
34491982
98826891
164279285
405725470
43303114
266010362
257450141
99600642
158375182
405337486
155928950
69363848
39797361
50273585
96902756
25234469
176162606
96220920
26268232
12456247
32508642
48508518
292224073
67734955
55256208
356048187
20957596
163996572
273168128
247086231
299298563
184943353
1739814
1590587
9906399
10058191
238004638
147762293
23973611
3768226
12844702
447841600
123391579
12197407
483986677
373244019
6513517
38298331
38961715
153991814
216614774
30689
363290981
398640442
116424487
270380932
248470690
28380470
42366323
58629256
3303814
261018210
30129492
343814903
378038927
4135702
70233751
250948378
120485013
83272874
53332510
166868557
108008950
230669626
223064841
176369568
59645168
216303390
52640550
34301963
355118922
53229077
232698790
201443900
1647904
55724542
277983772
181870606
9430291
75306491
175827287
77840865
1265108
97649200
131634767
22066638
6455529
92704840
14526345
130294666
185933116
113684616
3304162
142291492
110796157
209841740
73562649
111035577
9217139
101034837
123650425
26787265
3657618
248645109
136281574
12387651
215355500
23941544
157714900
279343045
7250134
13416309
20523613
40537700
103688522
247319781
169291912
221602689
58676889
19083049
159013513
139052188
6515392
67125540
140698058
8027172
119797950
83724924
52245057
49491981
143977629
3718734
249353990
144955436
56912449
11815747
64988240
28758793
88988678
95615866
352446743
967366
38567300
21275563
144175727
52199976
181830189
198858284
26708835
114117471
110377205
14152387
71473222
50291585
133914015
92958212
214153135
66846094
56841120
53272373
8869386
62194259
105862492
133621793
22081307
145971254
172377473
221995533
61694360
131075922
159176786
299746101
16008753
54990916
122432183
375210383
133540394
128345036
101914260
52751217
87595133
59072801
286878909
107981746
33098344
32188109
414560476
33532137
39579425
108916459
33820354
96961850
112241212
102367102
17317292
157049603
71347624
159955541
7171708
163528407
44475968
436786379
92782684
80719473
180151890
50526324
183066476
33450278
14937969
186167470
187333850
83800311
67754155
153350600
41164031
111987265
61934832
32512666
68660640
142667656
149009374
196786622
134694681
14637746
34691209
11803679
95884163
151340612
152051894
69635163
87085412
141896476
61933372
134254577
50096583
74450411
14302158
31764314
23947301
136808127
77699778
17899342
12056124
12834730
31793431
144499753
44030037
219993005
85801298
40266068
28604465
7872454
5772848
68470820
44805211
76440895
61699693
135895089
115204669
94782049
217136910
125604149
66696572
12635704
90135382
52238004
42659832
6489387
111057150
3606630
38485631
65602644
35705855
17809441
83926874
5964136
25212829
163686430
134012294
406547873
87327628
31137762
161405582
120801016
22175682
69352551
123419640
14877095
15092131
18875699
15846641
91224279
5640052
13452198
15241962
11428602
102680869
86956961
104970
277701483
88514889
37650069
185845719
26352255
13082347
19505027
135546620
156522623
143697310
17578671
135657705
144497897
31036496
104687422
17174126
111669264
3081471
34936197
211369804
8369709
251642773
50668021
22615645
41732704
17042547
23360402
66372756
10906933
10599292
10695152
17576824
15689643
53571195
114641103
39607261
3155190
67729787
3848624
155429610
6511967
165705605
57053053
148556292
10768504
117696150
109880137
121841540
12513743
136451263
17969706
57299655
53435576
16387383
8613515
27519277
13818730
64734359
110247931
4950598
4723599
1254190
196871585
9826386
24424550
29828712
31583181
177249214
107993212
70683814
211573680
64692033
15781573
26727262
34945230
96120717
17387761
113882781
25292601
132989523
120207638
6318994
3369323
8428930
26842638
10786176
28574801
100447436
68778883
98035238
33038414
29651342
18472978
84924004
18180520
15731140
29844220
64121966
138718524
26235930
91706849
12995792
201369254
113486613
199413335
11835258
65960028
107301718
12101930
105404652
17197610
269520231
86602529
212746785
53871680
15956590
13880702
68639981
136811679
20711164
41793881
7178482
62015830
50448452
38971092
68500190
30381186
51762320
663689
133142230
9154066
5161616
171487014
1240733
31793507
21085002
